1.62869e-10 -7.47411e-11
2.52925e-10 3.18224e-10
2.43539e-11 5.92769e-10
1.42732e-10 9.46686e-10
-1.25366e-10 1.26687e-09
3.32094e-11 1.62531e-09
3.74765e-11 2.32554e-09
2.19775e-10 2.6538e-09
7.352e-11 3.00607e-09
2.59062e-10 3.33477e-09
1.18882e-10 3.67293e-09
-1.48372e-10 3.92167e-09
1.02178e-10 4.30921e-09
-4.34044e-11 4.68497e-09
1.46686e-10 5.01532e-09
1.59948e-10 5.67337e-09
2.20708e-11 6.03847e-09
3.93113e-10 5.98298e-09
2.70945e-10 6.34463e-09
1.22013e-10 6.69568e-09
5.24587e-10 4.7015e-11
6.45527e-10 4.08296e-10
3.76582e-10 6.70538e-10
5.34867e-10 1.013e-09
2.65622e-10 1.31187e-09
3.92121e-10 1.66822e-09
2.16997e-10 1.99115e-09
4.26572e-10 2.34082e-09
4.49158e-10 2.95756e-09
6.33599e-10 3.29062e-09
4.94605e-10 3.64048e-09
2.99208e-10 3.96951e-09
4.87714e-10 4.29685e-09
3.43138e-10 4.64341e-09
5.39168e-10 4.96311e-09
3.579e-10 5.30579e-09
5.45459e-10 5.64319e-09
7.57172e-10 5.96554e-09
6.49334e-10 6.3124e-09
5.12438e-10 6.66871e-09
8.88108e-10 7.22718e-11
1.01784e-09 5.17292e-10
7.99338e-10 7.76306e-10
9.30757e-10 1.15477e-09
6.24903e-10 1.38914e-09
9.54435e-10 1.95905e-09
5.9763e-10 1.99708e-09
8.03751e-10 2.31056e-09
6.68101e-10 2.63847e-09
8.10035e-10 2.98949e-09
8.97948e-10 3.59219e-09
6.98876e-10 3.95006e-09
8.88008e-10 4.29534e-09
7.06288e-10 4.62097e-09
9.26808e-10 4.9581e-09
7.34445e-10 5.30206e-09
9.77507e-10 5.6359e-09
1.02035e-09 6.30848e-09
8.59063e-10 6.64328e-09
1.81202e-09 6.95738e-09
1.22871e-09 2.40907e-10
1.40003e-09 5.5644e-10
1.16217e-09 8.62335e-10
1.30232e-09 1.2257e-09
1.12214e-09 1.57305e-09
1.33764e-09 1.90472e-09
1.17696e-09 2.28075e-09
1.39509e-09 2.58486e-09
1.03044e-09 2.63511e-09
1.06821e-09 3.29229e-09
1.277e-09 3.58435e-09
1.06952e-09 3.93682e-09
1.27385e-09 4.22216e-09
1.08626e-09 4.6032e-09
1.31187e-09 4.939e-09
1.13684e-09 5.2629e-09
1.36655e-09 5.60677e-09
1.1495e-09 5.97054e-09
1.38125e-09 6.29808e-09
1.21105e-09 6.69521e-09
1.59551e-09 2.35887e-10
1.76655e-09 5.47899e-10
1.54719e-09 8.92154e-10
1.69457e-09 1.22571e-09
1.50774e-09 1.5688e-09
1.56121e-09 2.23155e-09
1.77303e-09 2.55291e-09
1.60566e-09 2.90467e-09
1.2238e-09 2.96017e-09
1.45005e-09 3.25032e-09
1.67914e-09 3.60008e-09
1.45526e-09 3.8905e-09
1.64642e-09 4.2376e-09
1.44651e-09 4.57395e-09
1.66602e-09 4.94867e-09
1.53429e-09 5.26682e-09
1.76259e-09 5.60195e-09
1.55077e-09 5.94312e-09
1.76779e-09 6.27847e-09
1.59752e-09 6.62205e-09
1.97348e-09 1.461e-10
2.12174e-09 5.19693e-10
1.93913e-09 8.48142e-10
2.1141e-09 1.1933e-09
1.93339e-09 1.53818e-09
1.73387e-09 1.89004e-09
1.95724e-09 2.18995e-09
2.15012e-09 2.55362e-09
1.9926e-09 2.92005e-09
1.79607e-09 3.21764e-09
2.02701e-09 3.53613e-09
1.83042e-09 3.92522e-09
2.04009e-09 4.25979e-09
1.8086e-09 4.54558e-09
2.03912e-09 4.93364e-09
1.93074e-09 5.28059e-09
2.16232e-09 5.57625e-09
1.96743e-09 5.94212e-09
1.97164e-09 6.63475e-09
2.19392e-09 6.97648e-09
2.32742e-09 2.02812e-10
2.53137e-09 5.32541e-10
2.31682e-09 8.59754e-10
2.5063e-09 1.19926e-09
2.3024e-09 1.53089e-09
2.11164e-09 1.87073e-09
2.31258e-09 2.20995e-09
2.51072e-09 2.49256e-09
2.376e-09 2.87095e-09
2.22173e-09 3.21273e-09
2.3933e-09 3.53971e-09
2.22168e-09 3.86163e-09
2.42098e-09 4.22128e-09
2.23437e-09 4.55605e-09
2.43338e-09 4.90982e-09
2.28762e-09 5.25708e-09
2.50288e-09 5.60511e-09
2.36505e-09 5.96419e-09
2.16907e-09 6.28839e-09
2.35221e-09 6.62257e-09
2.49319e-09 -1.52847e-10
2.69558e-09 1.6985e-10
2.89035e-09 5.22187e-10
2.69577e-09 8.74185e-10
2.69383e-09 1.53033e-09
2.49821e-09 1.86599e-09
2.73456e-09 2.17943e-09
2.91582e-09 2.52632e-09
2.73692e-09 2.85162e-09
2.5843e-09 3.17937e-09
2.76746e-09 3.54362e-09
2.59972e-09 3.90257e-09
2.80316e-09 4.19725e-09
2.59755e-09 4.54293e-09
2.84504e-09 4.93914e-09
2.65678e-09 5.26752e-09
2.88923e-09 5.55148e-09
2.73339e-09 5.92816e-09
2.54107e-09 6.2846e-09
2.72999e-09 6.61291e-09
2.88788e-09 -1.56089e-10
3.06479e-09 1.88726e-10
3.08586e-09 8.29664e-10
2.90919e-09 1.21318e-09
3.08587e-09 1.52383e-09
2.93068e-09 1.86709e-09
3.10538e-09 2.19902e-09
3.29888e-09 2.47884e-09
3.10442e-09 2.86018e-09
2.95914e-09 3.21269e-09
3.14872e-09 3.55803e-09
2.98498e-09 3.87578e-09
3.19518e-09 4.19431e-09
2.98653e-09 4.56578e-09
3.19835e-09 4.87817e-09
3.05756e-09 5.22846e-09
3.28491e-09 5.55956e-09
3.09206e-09 5.86736e-09
2.92654e-09 6.25567e-09
3.15626e-09 6.58603e-09
3.42174e-09 1.05141e-10
3.27435e-09 5.12656e-10
3.46234e-09 8.23766e-10
3.3151e-09 1.19894e-09
3.49362e-09 1.52077e-09
3.2851e-09 1.86033e-09
3.51717e-09 2.20163e-09
3.68615e-09 2.51152e-09
3.47475e-09 2.81307e-09
3.34605e-09 3.18503e-09
3.54669e-09 3.51334e-09
3.37141e-09 3.86678e-09
3.57548e-09 4.18153e-09
3.37787e-09 4.52384e-09
3.57665e-09 4.84668e-09
3.46225e-09 5.22734e-09
3.49431e-09 5.89934e-09
3.31892e-09 6.23353e-09
3.55483e-09 6.58192e-09
3.3658e-09 6.92681e-09
3.80654e-09 9.50227e-11
3.63404e-09 4.47414e-10
3.8489e-09 7.65783e-10
3.71198e-09 1.1004e-09
3.84847e-09 1.44041e-09
3.69018e-09 1.83897e-09
3.89513e-09 2.17475e-09
4.07356e-09 2.50977e-09
3.89587e-09 2.83715e-09
3.75588e-09 3.18448e-09
3.94809e-09 3.52432e-09
3.76608e-09 3.83697e-09
3.9421e-09 4.18793e-09
3.76876e-09 4.52284e-09
3.97851e-09 4.83997e-09
3.67465e-09 5.55279e-09
3.87777e-09 5.87793e-09
3.70091e-09 6.25036e-09
3.93375e-09 6.52997e-09
3.74641e-09 6.9163e-09
4.19301e-09 1.02749e-10
4.01901e-09 4.18355e-10
4.20031e-09 7.40034e-10
4.06955e-09 1.08761e-09
4.23297e-09 1.46198e-09
4.05145e-09 1.79788e-09
4.24666e-09 2.1116e-09
4.44575e-09 2.45838e-09
4.26762e-09 2.80456e-09
4.11865e-09 3.14615e-09
4.32473e-09 3.49901e-09
4.14733e-09 3.82823e-09
4.32216e-09 4.16931e-09
4.16069e-09 4.49935e-09
4.19297e-09 5.20533e-09
4.03617e-09 5.53606e-09
4.28137e-09 5.88064e-09
4.09165e-09 6.18517e-09
4.32034e-09 6.54155e-09
4.155e-09 6.86824e-09
4.57017e-09 6.4647e-11
4.3971e-09 4.23673e-10
4.55242e-09 7.37187e-10
4.4434e-09 1.10013e-09
4.62152e-09 1.42633e-09
4.4359e-09 1.77543e-09
4.6373e-09 2.10173e-09
4.84567e-09 2.46726e-09
4.66982e-09 2.79736e-09
4.50297e-09 3.1606e-09
4.7103e-09 3.50277e-09
4.52358e-09 3.84034e-09
4.5427e-09 4.50184e-09
4.37847e-09 4.84508e-09
4.59518e-09 5.17063e-09
4.42448e-09 5.53413e-09
4.66412e-09 5.84993e-09
4.47094e-09 6.20849e-09
4.68624e-09 6.50303e-09
4.53119e-09 6.84384e-09
4.92465e-09 5.28472e-11
4.76623e-09 3.93168e-10
5.01599e-09 7.10287e-10
4.82858e-09 1.07978e-09
5.01585e-09 1.40508e-09
4.82334e-09 1.78473e-09
5.06305e-09 2.05271e-09
5.23925e-09 2.42805e-09
5.06286e-09 2.76894e-09
4.87594e-09 3.14869e-09
4.90439e-09 3.80475e-09
4.73564e-09 4.15741e-09
4.93823e-09 4.47767e-09
4.78216e-09 4.8199e-09
4.97926e-09 5.17588e-09
4.81065e-09 5.51176e-09
5.03564e-09 5.82291e-09
4.90938e-09 6.167e-09
5.13863e-09 6.49675e-09
4.90467e-09 6.79714e-09
5.28578e-09 -8.92292e-11
5.15385e-09 3.23797e-10
5.38363e-09 6.26434e-10
5.21798e-09 1.0011e-09
5.37625e-09 1.34072e-09
5.22278e-09 1.73165e-09
5.61581e-09 1.80883e-09
5.42402e-09 2.10916e-09
5.48487e-09 2.77262e-09
5.24836e-09 3.12579e-09
5.08901e-09 3.46093e-09
5.12122e-09 4.14866e-09
5.32443e-09 4.47013e-09
5.19595e-09 4.82583e-09
5.39606e-09 5.12951e-09
5.1958e-09 5.48278e-09
5.42081e-09 5.78677e-09
5.3006e-09 6.13107e-09
5.28006e-09 6.8358e-09
5.92733e-09 7.14986e-09
5.66781e-09 -1.18535e-10
5.50832e-09 2.47724e-10
5.74813e-09 5.4145e-10
5.60938e-09 9.03029e-10
5.89183e-09 1.13399e-09
5.74994e-09 1.46705e-09
5.82914e-09 2.12344e-09
5.63726e-09 2.42002e-09
5.65657e-09 3.09872e-09
5.48487e-09 3.449e-09
5.30179e-09 3.84145e-09
5.49983e-09 4.15788e-09
5.72948e-09 4.44155e-09
5.54577e-09 4.76579e-09
5.74759e-09 5.0992e-09
5.58533e-09 5.45708e-09
5.80281e-09 5.73827e-09
5.6597e-09 6.1108e-09
5.48958e-09 6.46538e-09
5.71424e-09 6.78409e-09
6.03008e-09 -1.66413e-10
5.88145e-09 1.66661e-10
6.01776e-09 8.07601e-10
6.26301e-09 1.08903e-09
6.13346e-09 1.4383e-09
5.99497e-09 1.76323e-09
6.19333e-09 2.10128e-09
6.04044e-09 2.44101e-09
5.8347e-09 2.75317e-09
5.86385e-09 3.44245e-09
5.68014e-09 3.77609e-09
5.89786e-09 4.08663e-09
6.1264e-09 4.39502e-09
5.93302e-09 4.7667e-09
6.15359e-09 5.07799e-09
5.97644e-09 5.41061e-09
6.19361e-09 5.74907e-09
6.0184e-09 6.07685e-09
5.85787e-09 6.44062e-09
6.09663e-09 6.77994e-09
6.3905e-09 -2.27875e-10
6.2758e-09 1.27323e-10
6.10971e-09 4.42718e-10
6.38607e-09 7.25044e-10
6.62258e-09 1.03462e-09
6.4852e-09 1.40372e-09
6.35598e-09 1.76184e-09
6.38193e-09 2.42585e-09
6.21948e-09 2.76412e-09
6.03876e-09 3.11268e-09
6.22929e-09 3.46535e-09
6.05631e-09 3.77255e-09
6.29279e-09 4.08619e-09
6.32648e-09 4.74928e-09
6.55544e-09 5.05637e-09
6.37892e-09 5.36877e-09
6.57265e-09 5.75429e-09
6.39056e-09 6.09211e-09
6.21203e-09 6.39546e-09
6.46872e-09 6.77187e-09
7.03812e-09 -3.04113e-11
6.66454e-09 3.1637e-11
6.53717e-09 3.92434e-10
6.80251e-09 7.13532e-10
6.84788e-09 1.32272e-09
6.7285e-09 1.7091e-09
6.56879e-09 2.06732e-09
6.77318e-09 2.38626e-09
6.59028e-09 2.76449e-09
6.41158e-09 3.13724e-09
6.64226e-09 3.4266e-09
6.43818e-09 3.73596e-09
6.4958e-09 4.40491e-09
6.72758e-09 4.72258e-09
6.93949e-09 5.03374e-09
6.7687e-09 5.36375e-09
6.91386e-09 5.68157e-09
6.80513e-09 6.04094e-09
6.61838e-09 6.39144e-09
6.34206e-09 7.19743e-09
7.26016e-09 2.90056e-10
6.90552e-09 3.36063e-10
7.15631e-09 6.5957e-10
7.03333e-09 1.01687e-09
7.2521e-09 1.29278e-09
7.10807e-09 1.6464e-09
6.92636e-09 2.01671e-09
7.17008e-09 2.28981e-09
6.96737e-09 2.70778e-09
6.80254e-09 3.06803e-09
6.84484e-09 3.74337e-09
6.6553e-09 4.04288e-09
6.86512e-09 4.38245e-09
7.10027e-09 4.69243e-09
7.30431e-09 5.0131e-09
7.12716e-09 5.35995e-09
7.1512e-09 5.93746e-09
7.04695e-09 6.34272e-09
6.85195e-09 6.67328e-09
6.72711e-09 7.06407e-09
